"basesalary","Pred_basesalary","E"
210000,139369.573729012,70630.4262709876
165000,128476.925148333,36523.0748516671
160000,157974.592187481,2025.40781251932
112000,117303.58725257,-5303.58725256988
160000,182463.541237616,-22463.5412376156
170000,161471.698324441,8528.30167555885
180000,149317.394349173,30682.6056508266
130000,111032.115166246,18967.8848337545
66000,119106.88623411,-53106.88623411
40000,104730.389514248,-64730.3895142482
210000,166062.647536312,43937.3524636883
150000,136769.503329876,13230.4966701242
140000,122710.264988479,17289.7350115209
123000,116354.060884681,6645.93911531853
150000,121420.337601444,28579.6623985561
170000,110432.285000496,59567.7149995041
142000,159583.843461879,-17583.8434618795
150000,130857.636720566,19142.3632794337
84000,115210.61473058,-31210.6147305801
195000,142628.185342979,52371.814657021
95000,117541.18880648,-22541.1888064803
174000,161092.795153143,12907.2048468566
180000,164614.392696211,15385.6073037892
67000,142954.3576841,-75954.3576840998
93000,175941.654722244,-82941.6547222443
112000,116262.020143814,-4262.02014381424
155000,137047.280981995,17952.7190180047
187000,126903.771879874,60096.2281201262
220000,211724.484451712,8275.51554828798
80000,154179.44379824,-74179.4437982401
170000,113892.057529247,56107.9424707525
125000,115487.332222856,9512.66777714394
115000,99520.6418616005,15479.3581383995
225000,175120.380713139,49879.6192868607
2e+05,171859.358749878,28140.6412501218
82000,132763.374931299,-50763.3749312993
162000,164685.045061075,-2685.04506107533
184000,146465.356975823,37534.6430241774
115000,182257.083646587,-67257.0836465868
180000,163332.660673491,16667.3393265089
191000,133186.857143341,57813.142856659
144000,128150.540396305,15849.459603695
120000,114915.256236033,5084.74376396678
177000,178157.082535008,-1157.08253500756
93000,99745.9659107355,-6745.96591073548
155000,113650.003289981,41349.9967100193
158000,175528.325382837,-17528.3253828373
131000,116240.577333766,14759.422666234
169000,161081.786885669,7918.21311433121
105000,141602.36456574,-36602.3645657401
175000,108799.921959296,66200.0780407037
153000,155665.599505298,-2665.59950529761
105000,100769.933012033,4230.06698796691
190000,139384.675639552,50615.3243604478
131000,175252.814783741,-44252.8147837413
43000,106017.90228437,-63017.9022843698
93000,137362.481252818,-44362.4812528185
160000,119161.608342477,40838.391657523
154000,178259.424568387,-24259.4245683869
155000,121338.529408209,33661.4705917913
140000,137300.162903348,2699.83709665173
93000,127464.205899004,-34464.2058990037
58000,162618.05938395,-104618.05938395
69000,103405.353946204,-34405.3539462042
157000,170478.53236798,-13478.5323679797
116000,145643.295769716,-29643.295769716
137000,112778.072116192,24221.9278838079
125000,114387.219677701,10612.780322299
145000,156247.559124194,-11247.5591241937
145000,155123.696218041,-10123.6962180412
128000,126502.268431569,1497.73156843138
128000,123772.563238992,4227.43676100817
128000,120284.97663457,7715.02336542963
350000,165304.890970902,184695.109029098
140000,109573.896387171,30426.1036128289
165000,132645.899798983,32354.1002010173
123000,143755.289771181,-20755.2897711814
192000,129154.844463022,62845.1555369783
169000,141688.562869843,27311.4371301574
215000,153682.732482945,61317.2675170552
104000,130104.309157823,-26104.3091578229
105000,107141.08552753,-2141.08552753042
140000,110844.8661754,29155.1338245996
101000,180581.02893152,-79581.0289315202
168000,111909.160303139,56090.8396968609
149000,145893.642728493,3106.3572715075
117000,126814.791777541,-9814.79177754105
153000,127653.490400461,25346.5095995393
130000,119374.960181795,10625.0398182049
67000,124450.139216537,-57450.1392165372
2e+05,150058.701375191,49941.2986248093
117000,102526.467954658,14473.5320453421
150000,116568.054492293,33431.945507707
135000,136564.91851318,-1564.91851318014
1e+05,120389.131262882,-20389.1312628815
123000,119632.667054735,3367.33294526539
115000,116025.911712556,-1025.91171255644
127000,145832.543180627,-18832.5431806266
187000,138396.570927211,48603.4290727888
125000,118169.803194748,6830.19680525234
137000,133121.130098011,3878.86990198895
84000,118925.79842397,-34925.7984239695
82000,121569.939263692,-39569.9392636923
118000,130068.897414073,-12068.8974140729
152000,154739.126771427,-2739.12677142749
27000,78751.5179516032,-51751.5179516032
190000,122501.307202104,67498.6927978965
135000,112115.593045382,22884.406954618
2e+05,131949.507938964,68050.492061036
108000,116253.626655552,-8253.62665555171
105000,102941.206869897,2058.79313010303
142000,128982.67249052,13017.3275094802
87000,118866.766519286,-31866.7665192861
110000,124577.058326585,-14577.0583265851
170000,166840.558220502,3159.44177949827
113000,123207.478236219,-10207.478236219
62000,104589.891996584,-42589.8919965845
105000,166382.679822984,-61382.6798229842
140000,180690.71414497,-40690.7141449703
120000,125872.523755716,-5872.52375571578
183000,131390.667750825,51609.3322491745
131000,105474.708038154,25525.2919618455
130000,122356.044265045,7643.95573495477
169000,160254.769641192,8745.2303588076
75000,103647.214411587,-28647.214411587
135000,122637.895667112,12362.1043328882
212000,126363.471608073,85636.5283919268
175000,178375.110203711,-3375.11020371062
110000,124083.507328143,-14083.5073281425
201000,143549.735383315,57450.2646166846
71000,152963.288263672,-81963.2882636719
118000,109806.01922378,8193.98077622033
115000,118693.759309228,-3693.75930922769
206000,150504.898028504,55495.1019714964
135000,121597.422113522,13402.5778864776
88000,67339.9864511993,20660.0135488007
155000,158457.592337427,-3457.59233742725
129000,104682.929633296,24317.0703667038
150000,126874.794595181,23125.2054048186
230000,187761.715589478,42238.2844105222
50000,124952.670294569,-74952.6702945692
130000,137256.185132168,-7256.18513216788
78000,107935.235430933,-29935.2354309328
160000,110155.110129922,49844.8898700777
160000,137200.479109706,22799.5208902935
185000,158743.745332539,26256.2546674607
84000,120124.533502788,-36124.5335027883
164000,180306.129372542,-16306.1293725422
135000,121740.743239609,13259.2567603913
180000,125824.542826154,54175.457173846
155000,151155.631142233,3844.3688577665
3e+05,210817.057119018,89182.942880982
108000,126559.21665988,-18559.21665988
146000,129102.506934196,16897.4930658035
154000,134117.8395486,19882.1604514004
111000,111760.001315827,-760.001315827365
78000,106112.394318182,-28112.3943181816
179000,165752.13154204,13247.8684579602
78000,122590.142287648,-44590.1422876479
1e+05,140661.263708787,-40661.263708787
175000,139958.183405003,35041.8165949974
142000,181881.791014123,-39881.7910141232
50000,139992.092168504,-89992.0921685042
91000,143649.392243901,-52649.3922439013
114000,106798.164497555,7201.83550244496
155000,127752.376007919,27247.6239920806
225000,155584.567462318,69415.4325376817
80000,187278.664699789,-107278.664699789
180000,167728.283871691,12271.7161283086
109000,119476.004255678,-10476.0042556783
118000,119775.12512042,-1775.12512042027
125000,157970.117970137,-32970.117970137
189000,178478.480722491,10521.5192775093
156000,135378.746244217,20621.2537557828
80000,102235.5669874,-22235.5669874003
44000,142517.140918967,-98517.1409189671
150000,139469.123277853,10530.8767221467
160000,137171.587703983,22828.4122960175
90000,145437.928846605,-55437.9288466051
209000,161279.895694606,47720.1043053943
30000,157409.772950676,-127409.772950676
125000,138642.47407816,-13642.4740781599
160000,139808.296974443,20191.7030255571
195000,125636.476972753,69363.5230272471
154000,127752.376007919,26247.6239920806
124000,121466.087063285,2533.91293671512
135000,116644.567383559,18355.4326164411
32000,149595.946010893,-117595.946010893
60000,110977.643356184,-50977.6433561838
144000,162365.836414662,-18365.8364146617
120000,117966.299415622,2033.70058437841
127000,119715.738744661,7284.26125533886
68000,162226.930151099,-94226.9301510989
2e+05,157869.197168799,42130.8028312006
37000,104936.950078981,-67936.9500789814
150000,149329.352968192,670.647031807894
160000,171669.660528154,-11669.660528154
149000,137876.612108905,11123.3878910951
150000,147399.518546758,2600.4814532419
198000,159917.528467006,38082.4715329936
383000,120040.468993558,262959.531006442
88000,103482.878600895,-15482.8786008954
115000,147356.24649063,-32356.2464906298
90000,106031.530268944,-16031.5302689437
135000,121327.390190622,13672.609809378
36000,123233.496225913,-87233.4962259128
150000,150341.714492292,-341.714492291649
150000,175838.901425264,-25838.9014252641
32000,116373.999382517,-84373.9993825174
1e+05,138503.916630999,-38503.916630999
159000,202013.275712302,-43013.2757123016
130000,122310.386045399,7689.61395460073
119000,138052.374807985,-19052.3748079847
33000,105425.209674295,-72425.2096742945
149000,164034.676911914,-15034.6769119139
2e+05,167878.460892204,32121.5391077964
73000,138606.629720532,-65606.6297205315
101000,112677.488049121,-11677.4880491207
116000,102482.32156834,13517.6784316603
120000,147756.541925144,-27756.5419251441
189000,154384.295646059,34615.7043539412
142000,134819.598361865,7180.40163813502
75000,105468.121481829,-30468.1214818293
130000,139451.190136223,-9451.19013622301
92000,101166.010073782,-9166.01007378155
170000,126519.934521917,43480.0654780831
137000,142432.548760371,-5432.54876037085
180000,135320.36291337,44679.6370866298
132000,116653.880325849,15346.1196741514
116000,102474.907637897,13525.092362103
74000,102435.152124713,-28435.1521247128
109000,104363.331374589,4636.66862541142
140000,125242.367079374,14757.6329206259
165000,128179.634010049,36820.3659899509
70000,113717.893669553,-43717.8936695528
122000,111113.395201919,10886.6047980812
217000,177632.501322228,39367.4986777718
172000,158611.192810781,13388.8071892195
131000,113522.025497118,17477.9745028817
124000,115323.944104491,8676.05589550904
2e+05,182381.428327251,17618.5716727486
95000,113859.654212759,-18859.6542127591
104000,155976.418805064,-51976.4188050636
159000,120586.624383429,38413.3756165706
80000,130327.598669505,-50327.5986695048
110000,140130.057859505,-30130.0578595047
123000,107806.204145442,15193.7958545577
145000,126664.186841239,18335.813158761
205000,146156.563219787,58843.4367802125
195000,164966.15961454,30033.8403854604
150000,160546.670300149,-10546.670300149
142000,141965.599188148,34.4008118523052
141000,131075.688082501,9924.31191749932
182000,150529.541321511,31470.4586784887
80000,123540.968797771,-43540.968797771
82000,83194.9576653928,-1194.95766539278
118000,107232.87719444,10767.1228055602
116000,104810.608700141,11189.3912998587
76000,82888.4430015894,-6888.44300158945
167000,121992.336541586,45007.6634584137
216000,153528.071662423,62471.9283375769
156000,121604.82537258,34395.1746274201
180000,176877.173107726,3122.82689227449
144000,135801.269659135,8198.73034086547
155000,184988.26635815,-29988.2663581503
137000,166074.384311778,-29074.3843117776
112000,108048.111170567,3951.88882943252
120000,193833.870694109,-73833.8706941086
192000,149581.597757496,42418.4022425041
130000,116225.200481182,13774.7995188181
170000,159039.518911723,10960.4810882774
2e+05,158014.139988376,41985.8600116238
190000,184715.492293291,5284.50770670886
195000,184774.021102369,10225.9788976306
68000,127327.283084296,-59327.2830842958
108000,130958.205739327,-22958.2057393268
167000,203825.861607473,-36825.8616074733
195000,186421.041759749,8578.95824025079
111000,195869.651496335,-84869.6514963351
110000,166359.341886025,-56359.3418860249
137000,260930.688085505,-123930.688085505
34000,90300.1767977534,-56300.1767977534
130000,142592.271543711,-12592.2715437112
194000,157630.965094211,36369.0349057893
140000,143177.39496779,-3177.39496778959
135000,206834.598863408,-71834.5988634081
139000,121944.295677923,17055.7043220774
27000,116055.491067512,-89055.4910675117
117000,140161.217031721,-23161.217031721
86000,105696.72003949,-19696.7200394902
135000,126385.549549334,8614.45045066648
120000,103519.415357969,16480.5846420313
141000,118608.85831927,22391.1416807296
128000,99598.1268882015,28401.8731117985
105000,123359.814022667,-18359.8140226665
210000,156330.429555138,53669.5704448615
120000,107702.144504534,12297.8554954656
72000,95280.3548991027,-23280.3548991027
131000,129889.469045182,1110.53095481757
50000,135874.92922705,-85874.9292270504
190000,179270.014845329,10729.9851546711
78000,117259.984899943,-39259.9848999431
102000,133158.641603909,-31158.6416039092
40000,110178.263761841,-70178.2637618409
116000,118566.755502759,-2566.75550275885
123000,174308.953703732,-51308.9537037316
43000,111489.104779022,-68489.1047790223
76000,165572.358239232,-89572.3582392316
2e+05,135961.929110676,64038.0708893241
132000,141267.425727249,-9267.42572724877
103000,109509.713855162,-6509.7138551618
211000,138601.985830392,72398.0141696075
90000,93548.9816952872,-3548.98169528719
138000,149032.821889565,-11032.8218895654
72000,113492.530527136,-41492.5305271357
185000,172489.472046455,12510.5279535454
186000,163637.253651786,22362.7463482139
80000,148564.174180836,-68564.1741808362
150000,137826.202513354,12173.7974866465
149000,111093.06450085,37906.9354991501
130000,66789.3823863831,63210.6176136169
119000,108143.347428024,10856.6525719756
140000,141105.065752688,-1105.06575268824
430000,147387.345980769,282612.654019231
83000,143935.321098393,-60935.3210983927
78000,111043.750133005,-33043.750133005
110000,102625.675778495,7374.32422150511
130000,123085.993061333,6914.00693866691
140000,108163.828340932,31836.1716590678
152000,161088.946907133,-9088.94690713289
135000,137020.130707377,-2020.1307073769
151000,139987.025385734,11012.9746142659
197000,166142.349036212,30857.6509637876
125000,127853.985556559,-2853.98555655862
170000,180180.598377159,-10180.5983771587
123000,121961.408723237,1038.59127676312
171000,130529.137347126,40470.8626528738
250000,170130.580092233,79869.4199077668
220000,157598.03793409,62401.9620659102
130000,150978.255546593,-20978.2555465932
155000,127810.827247418,27189.1727525825
123000,182591.457352736,-59591.4573527356
117000,118529.191187818,-1529.19118781759
252000,177706.792599806,74293.2074001938
130000,107098.885212552,22901.1147874476
101000,164588.133064063,-63588.1330640628
111000,136345.318578525,-25345.3185785251
245000,188295.692310222,56704.3076897783
3e+05,138941.804465208,161058.195534792
133000,100563.457267865,32436.5427321345
145000,162065.333443209,-17065.3334432093
112000,116222.913725718,-4222.9137257184
105000,197495.432380914,-92495.4323809139
86000,122793.422297878,-36793.4222978777
45000,112557.811828719,-67557.8118287186
160000,158761.363075606,1238.63692439388
30000,108328.434113633,-78328.4341136328
140000,138261.751692663,1738.24830733694
1e+05,121808.183933447,-21808.1839334471
119000,132613.760358191,-13613.7603581911
163000,143862.111377725,19137.888622275
183000,238222.938834921,-55222.9388349214
106000,152367.84065151,-46367.8406515097
219000,189241.268258302,29758.7317416976
98000,99497.2630565455,-1497.26305654552
118000,107073.445850959,10926.5541490406
98000,121216.49517452,-23216.4951745204
145000,149564.573941225,-4564.57394122533
105000,107696.677999208,-2696.67799920775
150000,133111.287005645,16888.7129943549
25000,138493.584916295,-113493.584916295
147000,126959.273032924,20040.7269670758
175000,198349.585033911,-23349.5850339107
166000,156428.227620309,9571.77237969128
165000,116276.441842733,48723.5581572669
123000,137575.946540884,-14575.9465408836
110000,127742.066023645,-17742.0660236451
102000,100079.440503139,1920.55949686131
134000,122637.821632115,11362.1783678846
190000,204577.978283809,-14577.9782838092
212000,136395.369565378,75604.6304346222
150000,159092.110493573,-9092.11049357287
161000,144565.013755359,16434.9862446407
190000,158397.626897684,31602.3731023165
128000,99586.4869664925,28413.5130335075
118000,101814.285776798,16185.7142232025
112000,133508.164565277,-21508.164565277
153000,161549.251758038,-8549.2517580376
30000,124718.865582948,-94718.8655829482
45000,112347.549921662,-67347.5499216621
82000,129704.941277769,-47704.9412777685
150000,129928.789657597,20071.2103424028
90000,116424.832991725,-26424.832991725
170000,120589.57836581,49410.4216341904
121000,148313.201212407,-27313.2012124068
120000,117360.571077513,2639.42892248725
135000,124111.512073022,10888.4879269778
45000,88410.2638906207,-43410.2638906207
103000,129851.903744403,-26851.9037444027
83000,109294.459811704,-26294.4598117042
160000,150307.308900293,9692.69109970712
265000,180450.397347965,84549.6026520352
146000,135508.056509547,10491.9434904529
1e+05,106360.693778158,-6360.69377815755
111000,98442.5189573314,12557.4810426686
160000,167889.45317902,-7889.45317901968
95000,98276.3827845353,-3276.38278453531
55000,108729.415049486,-53729.4150494857
76000,141808.953099269,-65808.9530992692
148000,131793.101736376,16206.8982636244
205000,156156.830770795,48843.1692292046
23000,104639.519989761,-81639.5199897615
1e+05,70573.8975937621,29426.1024062379
120000,110378.193669917,9621.80633008301
135000,115917.197730902,19082.8022690978
122000,115458.159851017,6541.8401489825
85000,115605.623198809,-30605.6231988092
117000,105487.822352832,11512.1776471684
80000,110470.889332918,-30470.8893329183
20000,74457.4903552179,-54457.4903552179
1e+05,179460.698486222,-79460.6984862224
186000,148832.284473984,37167.7155260159
110000,101342.037967317,8657.96203268298
180000,208920.375200483,-28920.3752004834
109000,189447.945814275,-80447.9458142747
95000,142752.541199232,-47752.5411992322
120000,120301.25435809,-301.254358090358
56000,130666.645423195,-74666.645423195
97000,206251.225494893,-109251.225494893
128000,209331.800663946,-81331.8006639459
29000,101121.123392464,-72121.123392464
130000,119138.389699384,10861.6103006164
145000,128555.304742755,16444.6952572451
130000,138848.120165448,-8848.12016544768
128000,119540.895901391,8459.1040986092
150000,127093.946571474,22906.0534285256
80000,106250.846397448,-26250.8463974476
250000,181364.268236779,68635.7317632211
128000,111877.482082156,16122.5179178441
107000,260341.121544675,-153341.121544675
106000,114381.10150543,-8381.10150542996
235000,184769.993652628,50230.0063473717
132000,150768.202094348,-18768.2020943481
190000,141063.185539945,48936.8144600547
1e+05,143600.833271311,-43600.8332713113
181000,127854.625156402,53145.3748435978
12000,115391.243158411,-103391.243158411
79000,183511.103606592,-104511.103606592
206000,212590.911700812,-6590.91170081185
125000,117951.940795092,7048.0592049079
175000,149137.628236106,25862.3717638942
65000,116906.726516744,-51906.7265167442
2e+05,176467.702151365,23532.2978486355
115000,124951.516352507,-9951.51635250666
207000,200041.643119277,6958.35688072324
2e+05,138139.744248074,61860.2557519262
65000,71361.7926137527,-6361.79261375272
63000,136784.177027009,-73784.1770270087
140000,118735.918612153,21264.0813878466
220000,166324.604049874,53675.3959501265
160000,175064.007455739,-15064.007455739
107000,139756.725462441,-32756.7254624411
160000,137045.936926369,22954.0630736311
105000,129172.420245863,-24172.4202458633
220000,161751.127255139,58248.8727448608
23000,82108.9305895139,-59108.9305895139
125000,132476.319614696,-7476.31961469597
90000,123854.990879553,-33854.9908795535
115000,155322.286762003,-40322.2867620034
135000,146497.192221831,-11497.1922218307
110000,128001.742612295,-18001.7426122954
125000,125396.151859539,-396.151859538775
151000,145050.287897997,5949.71210200296
116000,103875.622451507,12124.3775484927
74000,115739.545279831,-41739.5452798314
151000,134275.729669662,16724.2703303379
85000,91158.5852082109,-6158.58520821088
105000,161688.090166073,-56688.0901660729
116000,117701.69927453,-1701.69927452992
220000,184115.763983043,35884.236016957
120000,88953.877187092,31046.122812908
133000,130533.631980939,2466.36801906081
150000,99377.1195559692,50622.8804440308
130000,177882.201972457,-47882.2019724565
125000,96742.7206475215,28257.2793524785
149000,110616.948700595,38383.0512994047
205000,142672.940344462,62327.0596555378
134000,120357.570857088,13642.4291429125
116000,117162.786517488,-1162.7865174879
115000,124648.270465748,-9648.27046574811
114000,164936.989484938,-50936.9894849385
158000,119447.980833074,38552.019166926
160000,134335.218955919,25664.7810440806
140000,112356.740823728,27643.2591762719
191000,152747.817715023,38252.182284977
90000,127265.174944454,-37265.1749444541
152000,129388.763981464,22611.2360185358
160000,81973.5878802613,78026.4121197387
90000,128010.69602895,-38010.6960289501
98000,147038.084291271,-49038.0842912706
135000,112929.479966064,22070.5200339361
71000,120577.655394499,-49577.6553944994
82000,111259.463011846,-29259.4630118457
47000,108297.28848536,-61297.2884853598
152000,188450.450380656,-36450.4503806557
150000,161571.258295764,-11571.2582957643
78000,96991.3878492562,-18991.3878492562
134000,131588.392102948,2411.60789705213
34000,104457.613691486,-70457.6136914857
170000,173548.949720957,-3548.94972095662
141000,116444.592528696,24555.4074713036
190000,161254.326102687,28745.6738973126
2e+05,155416.587016274,44583.4129837261
112000,129228.981501598,-17228.9815015979
116000,112993.551970088,3006.44802991164
158000,130092.123480435,27907.876519565
80000,112319.931460471,-32319.9314604707
41000,95837.1440851359,-54837.1440851359
4e+05,149783.706285244,250216.293714756
127000,109833.836123309,17166.1638766914
160000,128261.74649397,31738.2535060296
110000,104674.663084602,5325.33691539815
65000,108213.547712147,-43213.5477121474
160000,194152.066463632,-34152.0664636318
50000,108128.067357165,-58128.0673571647
126000,116530.635788223,9469.36421177721
180000,149007.425065553,30992.5749344467
110000,146627.215391096,-36627.2153910961
167000,186324.333243386,-19324.333243386
48000,110675.163084035,-62675.1630840353
95000,128543.14158373,-33543.1415837299
85000,100349.093442452,-15349.0934424521
160000,151251.015053842,8748.98494615805
120000,101489.253935546,18510.7460644538
160000,128757.033157732,31242.9668422677
110000,126033.153744363,-16033.1537443627
150000,130397.329849139,19602.6701508615
180000,141094.991310494,38905.0086895064
195000,159556.198617391,35443.8013826091
68000,99694.4408600892,-31694.4408600892
22000,162771.804711254,-140771.804711254
1e+05,96472.7721897539,3527.2278102461
74000,101919.447129756,-27919.447129756
111000,102600.841816443,8399.1581835574
134000,139715.598901314,-5715.59890131393
151000,121033.764602722,29966.2353972777
168000,141215.820005281,26784.1799947189
220000,134183.416176951,85816.5838230488
190000,146303.592312527,43696.4076874733
115000,112697.640049726,2302.35995027382
155000,162133.054225737,-7133.05422573691
120000,171489.380905836,-51489.3809058363
1e+05,133600.588673688,-33600.5886736882
108000,101562.501342514,6437.49865748572
2e+05,131724.71062878,68275.2893712198
130000,134324.182840364,-4324.18284036353
160000,117129.68796261,42870.3120373899
139000,140942.085433828,-1942.08543382803
170000,131552.092084944,38447.9079150562
165000,160327.001354067,4672.99864593305
150000,147668.441381624,2331.55861837626
115000,130017.339981182,-15017.3399811816
115000,114365.280085694,634.719914305591
680000,155880.942722169,524119.057277831
107000,108806.490622496,-1806.49062249613
36000,125219.633224744,-89219.6332247436
115000,124879.76087959,-9879.76087958956
65000,107391.659293088,-42391.6592930882
76000,144239.623121663,-68239.6231216634
115000,123538.998096054,-8538.99809605427
125000,147240.190297097,-22240.1902970974
127000,127230.560986631,-230.560986630735
150000,132084.309913581,17915.6900864187
140000,143231.880279596,-3231.88027959573
154000,108732.399282863,45267.6007171368
80000,134906.222864699,-54906.2228646991
170000,159618.582708273,10381.4172917274
146000,118977.713616797,27022.2863832027
87000,132798.494279956,-45798.4942799562
160000,187131.947328765,-27131.9473287647
150000,102333.506066817,47666.4939331831
148000,123695.647191425,24304.3528085749
1e+05,123095.829069511,-23095.8290695108
140000,137904.114490458,2095.88550954236
206000,175741.403913726,30258.5960862741
59000,144771.558288229,-85771.5582882291
103000,144224.49728792,-41224.4972879195
167000,141385.739027382,25614.2609726181
111000,100324.194591211,10675.8054087891
135000,127159.180761485,7840.8192385149
126000,110160.629928439,15839.3700715614
162000,148098.150224718,13901.8497752818
150000,114263.853512098,35736.1464879017
137000,138302.535579846,-1302.53557984592
250000,162278.274636174,87721.725363826
135000,133999.396241133,1000.60375886681
182000,146127.323961905,35872.6760380947
152000,107311.835344612,44688.1646553883
55000,98417.3967891308,-43417.3967891308
81000,146840.241197198,-65840.241197198
190000,195541.056972549,-5541.05697254871
120000,135338.471733661,-15338.4717336606
245000,199305.38081918,45694.6191808202
75000,137513.168228814,-62513.1682288144
160000,146223.746567526,13776.2534324735
188000,185495.324852497,2504.67514750274
110000,115857.599576034,-5857.59957603351
175000,169492.999636778,5507.00036322215
130000,129468.958812718,531.041187281953
130000,137669.986855479,-7669.9868554787
71000,129349.333865588,-58349.3338655883
145000,175697.384079629,-30697.3840796287
306000,204941.681638916,101058.318361084
130000,114839.258507868,15160.7414921322
121000,124257.318043712,-3257.31804371219
156000,144425.434161286,11574.5658387139
130000,108847.580114986,21152.419885014
135000,140722.599967464,-5722.59996746443
170000,142143.948035181,27856.0519648188
182000,137225.020456707,44774.9795432933
172000,123435.41104021,48564.5889597898
155000,127829.282316869,27170.7176831306
130000,114134.251792589,15865.7482074113
88000,108747.577226022,-20747.5772260216
110000,106360.693778158,3639.30622184245
120000,129059.174069148,-9059.17406914846
51000,101951.485337796,-50951.4853377965
180000,138505.459935513,41494.5400644874
55000,134297.406208725,-79297.4062087253
180000,174971.856667974,5028.14333202597
130000,120457.922362301,9542.07763769892
205000,118240.741326281,86759.2586737192
140000,114792.776845156,25207.2231548439
110000,103436.886246472,6563.11375352822
2e+05,198142.931835749,1857.06816425148
107000,118851.390256897,-11851.3902568974
130000,120085.328563536,9914.67143646437
110000,133643.343327661,-23643.343327661
2e+05,158977.65459078,41022.3454092202
225000,151091.703133114,73908.296866886
144000,107894.589562431,36105.4104375686
38000,139236.919969445,-101236.919969445
261000,194905.115059163,66094.8849408375
166000,156087.604706147,9912.39529385336
198000,160403.391758197,37596.6082418028
84000,153704.500097665,-69704.5000976652
70000,128358.856603195,-58358.8566031948
480000,143347.611099223,336652.388900777
150000,135641.270921631,14358.7290783692
120000,132917.242923939,-12917.2429239386
182000,141630.107238655,40369.8927613448
170000,148179.129388111,21820.8706118888
240000,227496.813595658,12503.1864043424
92000,132285.116505024,-40285.1165050243
142000,134933.057778119,7066.94222188147
183000,163967.103095114,19032.896904886
95000,94671.6152659663,328.384734033651
145000,146147.293757335,-1147.29375733461
102000,112296.198008608,-10296.1980086083
170000,127492.891425393,42507.1085746067
175000,144314.597388978,30685.4026110217
175000,163012.570622496,11987.4293775042
184000,192647.245105617,-8647.24510561686
1e+05,130483.914623355,-30483.9146233548
130000,143969.561540511,-13969.5615405105
125000,134422.807597381,-9422.80759738127
170000,139640.570112168,30359.4298878323
155000,147253.62584005,7746.37415995027
215000,139713.638546565,75286.3614534346
167000,104621.026812826,62378.9731871743
150000,138733.730253186,11266.2697468144
95000,100375.617073404,-5375.61707340392
103000,101769.714380593,1230.28561940738
159000,122564.699385596,36435.3006144042
159000,125999.878062553,33000.1219374471
23000,133534.6348414,-110534.6348414
140000,138693.88583299,1306.11416700971
250000,169840.767834956,80159.2321650439
101000,124529.416819538,-23529.4168195376
145000,127882.823132985,17117.1768670151
116000,123432.156023973,-7432.15602397345
79000,101436.129753734,-22436.1297537342
260000,151898.33623114,108101.66376886
220000,218983.081055427,1016.91894457306
160000,165262.086559986,-5262.08655998591
160000,135377.744960629,24622.2550393707
83000,145989.408407583,-62989.4084075829
150000,138867.164917232,11132.8350827676
120000,132680.780002603,-12680.7800026026
128000,137073.856040015,-9073.85604001532
115000,144883.495658439,-29883.4956584393
188000,154908.342949622,33091.6570503782
145000,100119.459939568,44880.5400604323
92000,117950.995895974,-25950.9958959735
76000,100150.626765052,-24150.626765052
98000,106360.693778158,-8360.69377815755
118000,104471.057196905,13528.9428030955
275000,221271.124110574,53728.8758894263
170000,177430.729667096,-7430.72966709614
128000,167087.151442783,-39087.1514427832
78000,118437.646518989,-40437.6465189887
124000,158609.486915647,-34609.4869156472
63000,109862.452838195,-46862.452838195
50000,106663.977899777,-56663.9778997766
141000,110894.003181106,30105.9968188937
185000,126680.926843714,58319.073156286
202000,190057.240218824,11942.7597811763
146000,122212.393976838,23787.6060231625
165000,166465.47427047,-1465.4742704698
210000,145559.8598985,64440.1401015003
80000,99847.8561872635,-19847.8561872635
135000,139299.468574623,-4299.46857462308
120000,112969.642801554,7030.35719844568
99000,144509.062402292,-45509.0624022925
117000,96674.6249409867,20325.3750590133
154000,144618.42764115,9381.57235885048
205000,183028.083175659,21971.9168243406
128000,181121.160131422,-53121.1601314225
185000,188154.668220536,-3154.66822053638
2e+05,172267.143479311,27732.8565206889
97000,92186.5893965765,4813.41060342352
164000,162907.044475694,1092.95552430645
31000,96113.5063768318,-65113.5063768318
131000,102001.538833699,28998.4611663015
175000,156009.499571788,18990.5004282119
80000,114050.778834746,-34050.7788347459
110000,102118.181429592,7881.81857040776
120000,151936.708671866,-31936.7086718658
10000,74905.0345067915,-64905.0345067915
165000,149450.765143432,15549.2348565679
150000,146373.46172257,3626.53827743034
260000,172865.92397354,87134.0760264604
115000,107307.576037636,7692.42396236442
142000,149523.099558854,-7523.09955885357
67000,108402.243958401,-41402.2439584009
78000,107018.773918897,-29018.7739188968
72000,121118.429389034,-49118.4293890337
165000,153008.998957677,11991.0010423231
85000,107798.904235359,-22798.9042353593
95000,126694.605221404,-31694.6052214039
139000,149536.019798778,-10536.0197987783
71000,96281.4926426764,-25281.4926426764
168000,106960.657465599,61039.3425344008
210000,174717.770594622,35282.2294053783
138000,154148.796716915,-16148.7967169148
61000,146555.01579756,-85555.0157975601
135000,131286.811402427,3713.1885975725
144000,191738.027108233,-47738.0271082328
130000,119729.90223272,10270.0977672803
135000,119551.026510827,15448.9734891732
123000,174032.176696929,-51032.176696929
230000,174206.45501336,55793.5449866402
116000,109433.998123292,6566.00187670758
120000,121154.974901544,-1154.97490154416
120000,102233.850194277,17766.1498057225
220000,158939.562452855,61060.437547145
78000,133237.288966641,-55237.2889666414
145000,154277.913077908,-9277.91307790813
190000,162905.128708579,27094.8712914213
190000,137204.739397825,52795.2606021753
162000,163614.417989782,-1614.41798978232
105000,118293.571714902,-13293.5717149017
142000,141489.832575789,510.167424210667
139000,122301.566238157,16698.4337618435
1e+05,126429.161219774,-26429.1612197736
60000,106568.934623721,-46568.9346237209
111000,104560.111999535,6439.88800046525
125000,141705.87373092,-16705.8737309203
160000,144346.308688587,15653.6913114127
173000,144760.350260961,28239.6497390388
180000,177058.376815544,2941.62318445614
92000,111856.048685292,-19856.0486852917
2e+05,165144.683889711,34855.3161102894
128000,121733.4710039,6266.52899610029
140000,141712.711992907,-1712.71199290678
91000,106416.362625226,-15416.3626252259
70000,98779.3166663295,-28779.3166663295
230000,121564.044230107,108435.955769893
112000,121326.8894865,-9326.88948649963
144000,120403.669969563,23596.3300304365
95000,113956.619285687,-18956.6192856866
27000,114554.067201289,-87554.0672012892
130000,130695.356624519,-695.35662451855
123000,123392.521249421,-392.521249420563
170000,124387.874389779,45612.1256102214
22000,67602.7954040929,-45602.7954040929
143000,121502.01944607,21497.9805539298
145000,132998.562056764,12001.4379432365
117000,184229.909869522,-67229.9098695215
170000,140833.83964807,29166.1603519299
125000,100773.423697239,24226.5763027614
131000,101476.616457507,29523.3835424925
125000,135104.079895748,-10104.0798957482
203000,177900.331834693,25099.6681653073
133000,98967.8316604471,34032.1683395529
150000,116192.026908507,33807.9730914932
125000,144032.120886374,-19032.1208863737
215000,143920.779285767,71079.2207142333
115000,109277.147194292,5722.85280570823
79000,114296.792988868,-35296.7929888676
225000,150665.487991966,74334.512008034
167000,143594.941049633,23405.0589503671
24000,104193.118969208,-80193.118969208
135000,127019.686159914,7980.31384008618
190000,125610.681311756,64389.318688244
173000,158843.014390861,14156.9856091391
90000,118140.098766681,-28140.0987666808
135000,151850.477828743,-16850.4778287429
165000,145329.566179277,19670.4338207233
141000,128007.940458328,12992.0595416722
45000,116604.688050236,-71604.6880502356
120000,157984.212360363,-37984.212360363
21000,113621.742112583,-92621.7421125829
265000,157042.514420439,107957.485579561
90000,117031.869242977,-27031.8692429766
160000,163659.418166998,-3659.4181669977
160000,132753.593250692,27246.406749308
256000,165390.076424512,90609.9235754882
183000,186554.725782547,-3554.72578254709
145000,105149.318501701,39850.681498299
117000,139983.637401131,-22983.6374011311
101000,112485.46646623,-11485.4664662303
130000,150097.648119768,-20097.648119768
157000,129852.884095286,27147.1159047143
137000,146905.322426943,-9905.32242694337
161000,143115.743700321,17884.2562996792
85000,100337.453520743,-15337.4535207431
147000,139117.154326744,7882.84567325644
115000,113529.707027203,1470.29297279728
69000,134582.668176856,-65582.6681768557
101000,113176.102265991,-12176.102265991
78000,111639.89769807,-33639.89769807
119000,101341.915195242,17658.0848047581
170000,132540.802142485,37459.1978575147
150000,123479.085092235,26520.9149077654
121000,128362.717984272,-7362.71798427214
88000,118846.521666191,-30846.521666191
143000,137803.345655784,5196.65434421573
16000,105102.370998703,-89102.370998703
19000,75053.439542327,-56053.439542327
175000,135417.442562057,39582.5574379428
150000,121338.529408209,28661.4705917913
40000,117205.884296059,-77205.8842960593
130000,119554.526493544,10445.4735064556
138000,133855.995565389,4144.00443461083
222000,165740.285587316,56259.7144126844
70000,104604.709564353,-34604.7095643534
109000,142912.719605688,-33912.7196056883
68000,130463.172786354,-62463.1727863543
160000,162475.870410667,-2475.87041066698
118000,102917.242635718,15082.7573642822
135000,107305.544629543,27694.4553704567
156000,134541.843529947,21458.1564700526
148000,138293.277959233,9706.72204076662
1e+05,137578.824352116,-37578.8243521157
146000,154248.080638436,-8248.08063843599
220000,150337.585905329,69662.414094671
152000,136693.289822345,15306.7101776554
89000,112722.236687277,-23722.2366872767
258000,179964.489733358,78035.5102666418
160000,118212.70896686,41787.2910331405
32000,102512.840301863,-70512.8403018628
159000,153749.712429056,5250.28757094435
117000,129943.615939843,-12943.6159398431
110000,192462.046019944,-82462.046019944
131000,151627.407387411,-20627.4073874111
143000,111075.298816082,31924.7011839177
180000,125949.530828828,54050.4691711716
121000,154542.221617223,-33542.2216172231
53000,158774.010816463,-105774.010816463
171000,187755.09020551,-16755.0902055103
87000,138391.643115531,-51391.6431155308
157000,157112.200853685,-112.200853685412
115000,89420.6768783215,25579.3231216785
125000,128273.628740733,-3273.62874073279
139000,158182.528542802,-19182.5285428023
180000,125084.780259095,54915.2197409048
104000,124958.450930315,-20958.4509303152
212000,148802.911230753,63197.0887692467
21000,90946.4590655044,-69946.4590655044
135000,113622.442906693,21377.5570933071
68000,107834.828441928,-39834.8284419281
64000,147030.165064119,-83030.1650641188
194000,158263.827538056,35736.1724619443
95000,122247.854962537,-27247.8549625369
143000,135651.650247006,7348.34975299423
25000,135772.911940332,-110772.911940332
150000,142407.834224976,7592.16577502401
150000,198561.546961507,-48561.5469615066
130000,108166.63141867,21833.3685813296
2e+05,164014.140885208,35985.8591147916
184000,162101.27414704,21898.7258529598
96000,136454.706674871,-40454.7066748706
23000,113017.11599426,-90017.11599426
138000,124470.656865344,13529.3431346559
107000,111755.897209764,-4755.89720976386
133000,124665.224540352,8334.77545964773
260000,172884.02382506,87115.9761749404
170000,138097.23896277,31902.76103723
150000,135786.914566243,14213.0854337568
140000,121426.749027938,18573.2509720623
210000,141454.218929554,68545.7810704458
220000,154869.750542937,65130.2494570632
1e+05,102897.468134317,-2897.46813431698
162000,132331.020933908,29668.9790660919
32000,61107.2975163675,-29107.2975163675
105000,116595.33466121,-11595.3346612096
210000,221404.8286817,-11404.8286817003
140000,200460.06618069,-60460.0661806897
155000,150662.321511654,4337.67848834602
1e+05,138062.63310919,-38062.63310919
40000,100746.021037466,-60746.0210374662
79000,114318.805254069,-35318.8052540693
140000,114207.646620685,25792.3533793152
120000,104406.015871693,15593.9841283066
138000,134425.539952665,3574.46004733525
95000,98282.8911278565,-3282.89112785649
260000,132723.431868276,127276.568131724
185000,145627.346353103,39372.6536468971
26000,118637.459650443,-92637.4596504427
260000,163904.743211077,96095.2567889231
61000,164023.973478175,-103023.973478175
38000,117038.805705891,-79038.8057058914
105000,113750.727285136,-8750.72728513596
160000,211822.867459568,-51822.8674595684
162000,119466.33554952,42533.6644504804
135000,105413.197171184,29586.8028288164
65000,124787.518111885,-59787.518111885
216000,195628.608418787,20371.3915812125
116000,103875.622451507,12124.3775484927
230000,114553.364274406,115446.635725594
220000,163767.381707564,56232.6182924362
19000,71414.3008419401,-52414.3008419401
198000,117734.084845986,80265.915154014
150000,103597.569854955,46402.4301450448
107000,129668.287564636,-22668.2875646362
165000,153726.889180385,11273.1108196148
630000,185492.611645296,444507.388354704
26000,112338.052743371,-86338.0527433708
1e+05,138096.369155836,-38096.3691558361
41000,118088.302099039,-77088.3020990385
145000,151461.543499273,-6461.54349927313
115000,134923.020098434,-19923.0200984338
201000,146898.562182727,54101.4378172732
142000,121636.008149827,20363.9918501731
220000,166107.309360982,53892.6906390177
44000,131920.551003765,-87920.5510037649
106000,146950.971842693,-40950.9718426926
155000,155266.796664533,-266.796664532914
203000,246549.090525547,-43549.0905255472
210000,93727.4085385559,116272.591461444
177000,187229.078228557,-10229.0782285568
150000,121345.413232875,28654.5867671247
119000,113153.047824258,5846.95217574207
140000,121620.736685625,18379.2633143752
170000,147047.594537872,22952.4054621282
155000,162828.989455382,-7828.98945538246
130000,105170.318012392,24829.6819876077
180000,152355.211590823,27644.7884091768
107000,121497.086477824,-14497.0864778243
179000,145218.49054707,33781.5094529301
141000,100577.858306969,40422.1416930308
93000,180042.301953424,-87042.301953424
103000,114506.668532663,-11506.6685326633
208000,201857.240851177,6142.75914882275
114000,126904.804818962,-12904.8048189621
2e+05,161200.163188274,38799.8368117262
220000,156843.896409975,63156.1035900247
132000,132731.733945368,-731.733945368353
91000,137024.648251053,-46024.6482510534
155000,117989.980429684,37010.0195703164
165000,117463.587634106,47536.4123658939
65000,116764.750527482,-51764.7505274817
69000,113891.965434976,-44891.9654349764
140000,120149.475487057,19850.5245129429
224000,186040.692070457,37959.3079295426
150000,124080.872024862,25919.1279751382
167000,133931.435229983,33068.564770017
125000,105865.765736827,19134.2342631726
48000,143197.048882941,-95197.0488829411
145000,136538.555836262,8461.44416373808
164000,179452.391250152,-15452.3912501523
189000,181329.332663291,7670.66733670858
85000,116925.617633456,-31925.6176334565
95000,130232.707524371,-35232.7075243708
195000,114695.963601446,80304.036398554
240000,204917.415043925,35082.5849560752
120000,177279.596727841,-57279.5967278414
27000,118591.464773072,-91591.4647730723
160000,146920.355792408,13079.6442075918
140000,129231.148640354,10768.8513596465
83000,121968.177450915,-38968.1774509151
113000,106974.237671534,6025.76232846557
112000,155166.269984613,-43166.2699846134
142000,119716.175505882,22283.8244941179
95000,120346.041457174,-25346.0414571737
125000,110743.56757312,14256.4324268802
150000,136835.431044553,13164.5689554471
114000,113283.9122545,716.087745500001
150000,142205.546844748,7794.45315525244
185000,124928.448561598,60071.5514384021
185000,150920.006071635,34079.9939283648
180000,163433.775423001,16566.2245769985
170000,138771.17278031,31228.8272196901
138000,146541.975193253,-8541.97519325255
185000,164267.491218508,20732.5087814925
105000,121855.136097435,-16855.1360974353
150000,121838.175750562,28161.8242494377
106000,123645.86460532,-17645.8646053203
40000,132544.892112576,-92544.8921125755
98000,110738.31929378,-12738.3192937802
250000,198836.70530991,51163.2946900904
121000,114958.476254246,6041.52374575424
125000,109085.330120645,15914.669879355
84000,131911.050250148,-47911.0502501477
193000,158763.569397559,34236.4306024414
225000,178533.501771967,46466.4982280335
178000,162033.084794437,15966.9152055629
250000,199443.625329368,50556.3746706315
167000,149776.119274881,17223.8807251189
151000,138120.71286144,12879.2871385601
184000,143932.866385486,40067.1336145142
46000,120219.882824763,-74219.882824763
110000,112804.740921013,-2804.74092101271
185000,122866.737511578,62133.262488422
179000,145826.025573867,33173.9744261334
24000,120714.727677902,-96714.727677902
155000,131660.800295363,23339.1997046372
235000,124275.483411663,110724.516588337
19000,135219.723101584,-116219.723101584
105000,116123.87421554,-11123.8742155402
1e+05,131747.137163704,-31747.1371637039
180000,120675.425442149,59324.5745578509
165000,163608.857616342,1391.1423836578
168000,131472.07918787,36527.9208121304
29000,115268.333086188,-86268.3330861876
142000,124835.927321487,17164.0726785132
90000,136042.711140851,-46042.7111408513
90000,130829.777605114,-40829.7776051143
190000,115534.872314901,74465.1276850989
30000,120061.497626936,-90061.497626936
160000,152825.868115037,7174.13188496319
154000,112477.83237306,41522.1676269397
1e+05,127333.828597176,-27333.828597176
102000,119923.553861932,-17923.5538619323
83000,103788.74463038,-20788.7446303804
134000,120702.342394827,13297.6576051726
155000,173361.326498198,-18361.326498198
142000,137206.511648609,4793.48835139122
118000,78600.4304785332,39399.5695214668
110000,161507.819018953,-51507.8190189535
116000,144133.197723797,-28133.197723797
107000,101353.555116951,5646.444883049
150000,128456.472628496,21543.5273715036
93000,121118.271903608,-28118.2719036083
216000,134787.093229702,81212.9067702983
35000,85602.1408324773,-50602.1408324773
187000,137768.332412848,49231.6675871515
83000,116326.437753024,-33326.4377530238
83000,124284.795374429,-41284.7953744289
158000,135855.79119212,22144.2088078802
193000,146105.792013679,46894.2079863208
230000,175016.621481453,54983.378518547
124000,153394.039853612,-29394.0398536116
430000,133845.071779241,296154.928220759
138000,214441.108737065,-76441.1087370655
93000,104995.859715941,-11995.8597159413
102000,136038.981552879,-34038.9815528786
165000,130039.093035952,34960.9069640482
105000,107557.49671457,-2557.49671456986
133000,143609.556982557,-10609.5569825571
60000,113874.665258035,-53874.6652580348
149000,129954.18678945,19045.81321055
130000,118197.585819439,11802.4141805607
30000,120941.243250657,-90941.2432506566
2e+05,132860.148490462,67139.8515095375
43000,138554.821766361,-95554.8217663609
197000,160590.440002878,36409.5599971222
123000,107569.167721528,15430.8322784716
124000,103813.483540588,20186.5164594122
116000,103863.982529798,12136.0174702017
226000,139734.338046896,86265.6619531036
223000,162531.737815989,60468.2621840106
325000,195504.361887908,129495.638112092
183000,157950.409769747,25049.5902302527
80000,75762.131460359,4237.86853964103
195000,154179.638781055,40820.3612189445
55000,118776.70086394,-63776.70086394
71000,130504.320555461,-59504.3205554608
185000,148932.001956069,36067.998043931
90000,101232.10392822,-11232.1039282204
42000,125754.322209713,-83754.3222097131
140000,142807.142204836,-2807.14220483557
183000,133630.294421693,49369.7055783067
101000,103529.834252721,-2529.83425272089
105000,143965.956180092,-38965.9561800917
81000,138628.290609408,-57628.2906094077
58000,96801.2021216242,-38801.2021216242
97000,108012.403715036,-11012.403715036
208000,181666.624029093,26333.375970907
180000,137251.365107304,42748.6348926958
250000,149785.594969788,100214.405030212
201000,216546.030616564,-15546.0306165641
232000,143979.940460139,88020.0595398608
145000,130711.109955481,14288.8900445195
160000,150429.577310629,9570.42268937107
166000,153961.61144041,12038.3885595905
26000,112449.730448531,-86449.7304485308
37000,92976.3586616165,-55976.3586616165
54000,115178.60645789,-61178.6064578902
125000,115349.122066526,9650.87793347398
161000,138535.067685697,22464.9323143026
130000,118950.725541057,11049.2744589432
152000,176167.290537039,-24167.290537039
130000,149258.393404118,-19258.3934041178
212000,131009.243948102,80990.7560518984
73000,105358.373657766,-32358.3736577664
2e+05,131085.006122614,68914.9938773862
160000,122634.863608795,37365.1363912049
167000,125474.66540073,41525.3345992696
180000,164709.260835402,15290.7391645976
156000,185916.510431085,-29916.5104310848
133000,165699.105533523,-32699.1055335226
145000,119390.501846925,25609.4981530748
175000,133586.643615764,41413.3563842358
205000,121980.336955628,83019.6630443717
185000,180427.03802287,4572.96197712983
126000,106155.30868059,19844.6913194098
185000,134528.352923132,50471.6470768682
146000,130220.372388644,15779.6276113563
80000,127858.337827652,-47858.3378276521
116000,103875.622451507,12124.3775484927
159000,125172.114259797,33827.8857402032
149000,160970.279650876,-11970.2796508764
180000,134941.209680194,45058.7903198058
150000,100543.063042065,49456.9369579353
168000,131074.669957854,36925.3300421461
123000,116454.462178831,6545.53782116884
152000,166650.117559515,-14650.117559515
47000,126769.440687502,-79769.4406875017
73000,121130.069310743,-48130.0693107427
225000,188239.320660877,36760.6793391227
2e+05,144799.932230357,55200.0677696426
101000,162358.286741317,-61358.2867413172
85000,97721.4446983809,-12721.4446983809
150000,184553.679718842,-34553.6797188417
52000,111215.255343125,-59215.2553431252
168000,138000.586499105,29999.413500895
185000,174217.615486715,10782.3845132854
165000,125637.54835947,39362.45164053
102000,115304.086547959,-13304.0865479594
156000,121931.340068351,34068.659931649
159000,184582.901339871,-25582.9013398706
72000,104176.87122977,-32176.8712297695
216000,139213.190592931,76786.8094070689
78000,132673.521687281,-54673.5216872815
162000,124344.927553553,37655.0724464469
112000,131717.185167279,-19717.1851672789
1e+05,109786.965055268,-9786.96505526753
105000,109208.701028943,-4208.70102894271
190000,153641.814651205,36358.1853487949
175000,141781.666160685,33218.3338393154
650000,194897.321283998,455102.678716002
75000,109213.774945512,-34213.7749455124
190000,203902.555239566,-13902.5552395659
84000,108316.397006593,-24316.3970065928
160000,136080.456723166,23919.5432768342
121000,133502.71196256,-12502.7119625602
170000,129503.608545663,40496.391454337
270000,155390.796518433,114609.203481567
197000,153903.205184562,43096.7948154376
190000,168824.736945905,21175.2630540947
70000,102508.712419411,-32508.7124194111
185000,208574.964209918,-23574.964209918
88000,109680.200430289,-21680.2004302892
25000,123403.082028818,-98403.0820288181
108000,146426.681393949,-38426.6813939495
170000,171790.508056089,-1790.50805608925
137000,127453.390516824,9546.60948317591
160000,131783.072270405,28216.9277295946
148000,125005.400099335,22994.5999006654
142000,106647.89706108,35352.1029389204
265000,170889.509788656,94110.4902113443
160000,136488.644448948,23511.3555510518
130000,124886.173953632,5113.82604636808
205000,183318.030466625,21681.9695333752
140000,122735.661854354,17264.3381456464
59000,129390.830681354,-70390.830681354
130000,125074.68345633,4925.31654367014
130000,121150.42905639,8849.57094360964
160000,167515.069777289,-7515.06977728853
155000,140377.911464291,14622.0885357095
148000,134835.521435216,13164.4785647838
150000,124643.845288376,25356.1547116239
97000,124303.497310358,-27303.497310358
155000,134285.441116577,20714.5588834234
38000,108627.785412711,-70627.7854127108
76000,154539.942170707,-78539.9421707071
90000,106019.890347235,-16019.8903472346
153000,148410.408040195,4589.59195980482
125000,115824.940908843,9175.05909115709
165000,133198.821429283,31801.1785707172
160000,119938.42160836,40061.5783916403
137000,143154.616836232,-6154.61683623213
150000,128007.940458328,21992.0595416722
138000,127430.895089161,10569.1049108386
20000,127619.535037666,-107619.535037666
1e+05,126676.678101992,-26676.6781019921
156000,115976.54705461,40023.4529453895
204000,139234.368033509,64765.6319664907
190000,126868.73747067,63131.2625293296
165000,119145.186581523,45854.8134184773
85000,131288.935549642,-46288.9355496422
130000,133188.930103499,-3188.93010349912
165000,110863.585612058,54136.4143879419
103000,181246.84915861,-78246.8491586096
230000,191416.885324966,38583.1146750339
158000,140529.600472724,17470.3995272762
190000,187188.477288808,2811.52271119232
117000,151264.113865293,-34264.1138652931
250000,176173.831632787,73826.1683672135
77000,112976.574445985,-35976.574445985
25000,123493.891156767,-98493.8911567672
138000,121184.223609329,16815.776390671
269000,187657.225581255,81342.7744187447
78000,95227.148518369,-17227.148518369
48000,125282.855929882,-77282.855929882
79000,154006.617143052,-75006.617143052
190000,146484.662056733,43515.337943267
145000,122793.65549139,22206.3445086097
132000,112728.107563356,19271.8924366443
160000,184858.025437323,-24858.0254373234
160000,198580.756997385,-38580.7569973845
160000,146364.298430584,13635.7015694162
215000,196956.673482985,18043.3265170147
120000,122830.381295248,-2830.38129524808
81000,124849.361649649,-43849.361649649
174000,149072.175605852,24927.8243941483
140000,113305.377777478,26694.6222225224
190000,139913.083887993,50086.9161120074
143000,125827.533407571,17172.4665924285
73000,120156.960826292,-47156.9608262917
110000,123559.736394325,-13559.7363943247
170000,145558.227746442,24441.772253558
1e+05,118552.954089824,-18552.9540898236
138000,121184.223609329,16815.776390671
25000,110911.668273043,-85911.6682730433
185000,166916.543458078,18083.456541922
120000,134772.892071766,-14772.8920717656
127000,152642.26150846,-25642.2615084599
161000,123634.75468968,37365.2453103195
125000,107350.634921087,17649.3650789127
190000,153186.092788506,36813.9072114944
167000,115075.957020574,51924.0429794257
142000,123403.537080706,18596.4629192944
66000,106010.00428612,-40010.0042861196
44000,67611.2167117488,-23611.2167117488
128000,117197.490441336,10802.5095586644
105000,134435.437988884,-29435.4379888836
1e+05,172778.733304479,-72778.7333044792
195000,178960.57646752,16039.4235324797
385000,143564.001392924,241435.998607076
119000,128223.088425624,-9223.08842562418
76000,149458.25517075,-73458.2551707503
195000,168871.371111473,26128.6288885269
209000,156140.232022121,52859.7679778789
80000,110961.429223711,-30961.4292237113
73000,121550.06679121,-48550.0667912101
117000,120312.278268358,-3312.27826835759
170000,123756.148719808,46243.8512801921
160000,167710.146442884,-7710.14644288411
50000,142125.961909837,-92125.9619098366
185000,136204.103919694,48795.8960803057
105000,111458.194991293,-6458.19499129296
117000,131548.569819417,-14548.5698194169
172000,109981.518406025,62018.4815939746
1e+05,128336.703129167,-28336.703129167
230000,144863.901733954,85136.098266046
156000,143371.799419883,12628.2005801174
1e+05,129955.716546375,-29955.7165463755
135000,146362.486066186,-11362.486066186
102000,116897.678536626,-14897.6785366256
144000,161739.531757199,-17739.5317571988
95000,107923.767281592,-12923.7672815924
165000,97758.3284151608,67241.6715848392
145000,112753.323024018,32246.6769759819
152000,111093.06450085,40906.9354991501
85000,107779.787910476,-22779.7879104759
160000,110680.796103038,49319.2038969617
160000,135470.637058784,24529.3629412162
115000,114209.093955292,790.906044707794
106000,108878.988899281,-2878.98889928065
2e+05,129770.160265231,70229.8397347686
99000,147446.739935225,-48446.7399352247
140000,183743.339498585,-43743.3394985855
67000,116452.481148487,-49452.4811484866
195000,203712.886813343,-8712.88681334324
51000,174058.439156309,-123058.439156309
19000,70604.76903315,-51604.76903315
95000,127114.419486445,-32114.4194864446
148000,140805.167999061,7194.83200093903
110000,121761.976269517,-11761.9762695166
132000,131951.289584949,48.7104150510277
57000,114384.194625266,-57384.1946252663
197000,135419.758493036,61580.2415069641
75000,104620.561155165,-29620.5611551647
110000,125408.462446481,-15408.4624464811
156000,171291.890394922,-15291.8903949218
140000,119867.997143599,20132.0028564006
202000,131258.818962194,70741.1810378062
81000,99885.9759199246,-18885.9759199246
19000,110704.870532342,-91704.8705323424
81000,136228.740228712,-55228.7402287124
121000,103020.128918968,17979.8710810315
146000,108406.112692876,37593.8873071241
185000,112991.306564883,72008.6934351173
76000,121502.038759474,-45502.0387594735
135000,123895.577410867,11104.4225891332
113000,116805.86745338,-3805.86745338027
180000,142709.958937045,37290.0410629555
136000,123662.629676463,12337.3703235372
32000,148855.580324661,-116855.580324661
25000,107335.131084227,-82335.1310842269
150000,224719.824603779,-74719.824603779
70000,142177.416989023,-72177.4169890226
150000,136077.202551505,13922.7974484948
73000,105791.139533799,-32791.1395337992
130000,124111.43681934,5888.56318066016
156000,155309.92723422,690.072765779536
125000,154324.626795059,-29324.626795059
210000,143133.905753212,66866.0942467884
24000,104753.558003449,-80753.5580034494
133000,102182.210216522,30817.7897834776
110000,125680.452533731,-15680.4525337312
163000,191292.192977324,-28292.1929773243
155000,119437.070119364,35562.9298806356
150000,130952.721984739,19047.2780152606
140000,109673.113562967,30326.8864370335
46000,107242.387943408,-61242.387943408
74000,108842.530011942,-34842.5300119425
115000,123338.284983997,-8338.28498399742
174000,124690.992823513,49309.007176487
102000,114627.074092201,-12627.0740922015
18000,104248.849435077,-86248.8494350775
150000,135224.949214037,14775.0507859628
163000,134689.104767127,28310.895232873
84000,124333.801320198,-40333.8013201981
195000,155960.470801714,39039.5291982861
156000,118615.346074061,37384.6539259386
110000,117866.870681933,-7866.87068193313
29000,103367.607702308,-74367.6077023085
103000,127226.735364688,-24226.7353646878
145000,162911.043719143,-17911.0437191434
70000,100103.423390222,-30103.423390222
105000,104891.623178277,108.376821722675
144000,159319.937130223,-15319.9371302227
114000,122585.722613683,-8585.72261368294
160000,144675.09416287,15324.90583713
80000,122031.273668621,-42031.2736686206
185000,146132.686009624,38867.3139903763
130000,157799.720741292,-27799.7207412919
119000,97597.8038465573,21402.1961534427
180000,134556.398805038,45443.6011949615
112000,136669.59424376,-24669.5942437597
120000,281301.925882507,-161301.925882507
90000,104614.590524538,-14614.5905245383
160000,187169.22027591,-27169.2202759099
130000,108368.968897213,21631.0311027873
149000,111096.31867251,37903.6813274895
98000,120988.892795039,-22988.8927950387
113000,116923.166379773,-3923.16637977338
105000,112892.506794937,-7892.50679493716
185000,133703.209165425,51296.7908345755
172000,153760.979840059,18239.0201599409
36000,124558.986504848,-88558.9865048482
52000,153119.847266658,-101119.847266658
168000,129530.720446364,38469.2795536356
115000,134486.496482905,-19486.4964829049
75000,100362.286491535,-25362.2864915353
156000,139518.581823087,16481.4181769128
165000,203205.997305765,-38205.9973057651
107000,154584.902636444,-47584.9026364445
189000,144558.928796922,44441.0712030782
105000,103433.381753914,1566.61824608578
48000,109005.770079718,-61005.770079718
145000,111096.31867251,33903.6813274895
143000,159333.329298211,-16333.3292982106
194000,209302.960289567,-15302.9602895665
145000,138361.557808448,6638.44219155185
130000,109258.397687006,20741.6023129938
26000,110876.10832402,-84876.1083240201
70000,125347.492736146,-55347.4927361461
44000,90427.3793285319,-46427.3793285319
127000,112428.898568719,14571.1014312806
170000,155158.475773945,14841.5242260551
1e+05,101403.40142789,-1403.40142788998
1e+05,125517.212127688,-25517.212127688
151000,136275.673051041,14724.3269489592
181000,138476.696065313,42523.3039346868
97000,101936.115341104,-4936.11534110422
132000,138344.072222939,-6344.07222293902
35000,107386.026341449,-72386.0263414493
115000,174093.184955998,-59093.1849559978
167000,108965.660546558,58034.3394534423
160000,117081.395377264,42918.6046227359
202000,119812.418880798,82187.5811192022
150000,133852.741393729,16147.2586062714
76000,96002.2820326764,-20002.2820326764
1e+05,105758.706130115,-5758.70613011495
164000,124318.800084338,39681.1999156619
145000,126814.615232388,18185.3847676121
189000,141853.202710529,47146.7972894712
160000,145590.013215733,14409.9867842673
135000,111602.941030173,23397.0589698272
90000,117966.587042342,-27966.5870423425
65000,107420.559842591,-42420.5598425907
145000,138217.455769285,6782.54423071517
88000,136739.952271016,-48739.9522710159
130000,125892.041960478,4107.95803952184
250000,185252.695737835,64747.3042621645
82000,130733.585197447,-48733.5851974469
175000,122146.068688095,52853.9313119054
180000,124200.421799949,55799.5782000505
30000,123192.234048958,-93192.2340489583
145000,139821.626586822,5178.37341317802
133000,119827.87087322,13172.1291267795
156000,125023.389762402,30976.6102375981
80000,104990.065918907,-24990.0659189071
162000,173892.369463713,-11892.3694637133
105000,125424.55836316,-20424.5583631603
155000,114821.060819854,40178.9391801462
160000,157898.400791922,2101.59920807777
130000,146070.821406427,-16070.8214064273
140000,117123.967163872,22876.0328361281
240000,164862.440443855,75137.559556145
36000,156414.527672066,-120414.527672066
96000,157365.004838259,-61365.0048382585
45000,67611.2167117488,-22611.2167117488
115000,140253.105141099,-25253.1051410987
43000,112200.21791817,-69200.2179181703
1e+05,128489.235561087,-28489.2355610868
250000,191993.638405206,58006.3615947936
130000,124559.026435235,5440.97356476489
205000,182859.008365965,22140.991634035
180000,163010.15119282,16989.8488071796
2e+05,149118.866057238,50881.1339427624
167000,122671.160459924,44328.8395400758
170000,129521.386730109,40478.6132698905
19000,120674.136056264,-101674.136056264
107000,194645.635834479,-87645.6358344788
76000,110168.760251709,-34168.7602517086
80000,102816.959331769,-22816.959331769
193000,162037.582869623,30962.4171303775
86000,110103.178584565,-24103.1785845653
14000,111514.695707361,-97514.6957073606
147000,116415.11690995,30584.8830900504
150000,114804.46382463,35195.5361753698
147000,114926.578789546,32073.4212104543
185000,141924.525425412,43075.4745745882
75000,123303.14896582,-48303.1489658196
150000,156209.419007033,-6209.41900703264
3e+05,161926.580948849,138073.419051151
103000,163728.838379019,-60728.8383790188
160000,130965.618582613,29034.3814173871
57000,123932.767712251,-66932.7677122508
147000,134702.677019901,12297.3229800987
96000,113713.394155869,-17713.3941558691
110000,136631.194078273,-26631.1940782728
48000,133223.478364091,-85223.478364091
30000,136136.252638196,-106136.252638196
128000,136585.535767962,-8585.53576796237
97000,140246.622424499,-43246.6224244992
94000,132955.682079428,-38955.6820794276
81000,118150.020146838,-37150.020146838
175000,167377.80553665,7622.19446334997
130000,158499.591620706,-28499.5916207058
1e+05,137401.263711741,-37401.2637117414
120000,123568.1486484,-3568.14864839957
162000,151072.65763673,10927.3423632701
75000,189586.085432732,-114586.085432732
46000,128637.635505721,-82637.6355057209
160000,177520.681657872,-17520.6816578717
144000,119387.247675265,24612.7523247355
23000,131619.376588986,-108619.376588986
85000,158933.34713363,-73933.3471336299
129000,130508.234849086,-1508.23484908638
163000,143840.566057025,19159.4339429754
39000,84353.4528967759,-45353.4528967759
11000,115126.877303452,-104126.877303452
123000,135845.152553999,-12845.1525539986
120000,140429.248354597,-20429.2483545972
157000,126349.857594187,30650.142405813
155000,110986.465209574,44013.534790426
155000,211919.843755594,-56919.8437555939
150000,160329.530909128,-10329.5309091283
93000,189166.039700536,-96166.0397005364
170000,129082.281162275,40917.7188377254
130000,134915.544981207,-4915.54498120729
106000,113821.387381029,-7821.38738102872
106000,110050.497379868,-4050.49737986781
2e+05,128680.322088275,71319.6779117252
35000,80388.3094077181,-45388.3094077181
111000,112968.525744268,-1968.52574426829
90000,141833.657256707,-51833.6572567075
48000,94858.4539661188,-46858.4539661188
145000,137632.764960244,7367.23503975599
130000,106451.216079932,23548.7839200676
114000,125889.105799721,-11889.1057997206
106000,119168.328202025,-13168.3282020246
120000,118391.859506861,1608.14049313932
52000,102773.020222081,-50773.0202220813
112000,122657.573352375,-10657.573352375
111000,147996.980758616,-36996.9807586159
2e+05,136332.487759463,63667.5122405373
147000,153791.965472093,-6791.96547209329
1e+05,118198.055338038,-18198.0553380383
270000,139447.849462426,130552.150537574
197000,125132.170162465,71867.8298375353
125000,121335.275236548,3664.72476345193
180000,142454.36722929,37545.6327707103
197000,140673.892821822,56326.1071781775
170000,150658.301964133,19341.6980358666
218000,132506.775557898,85493.2244421017
115000,128112.635706789,-13112.6357067886
144000,127911.210075108,16088.7899248921
55000,136770.180088881,-81770.1800888811
160000,130947.991352235,29052.0086477651
143000,119406.836919864,23593.1630801361
140000,125239.640943526,14760.3590564736
74000,87726.1009116829,-13726.1009116829
11000,118598.103846877,-107598.103846877
130000,116237.618592566,13762.381407434
118000,156481.236763064,-38481.2367630636
180000,160339.683489528,19660.316510472
74000,109984.39659664,-35984.3965966402
63000,154094.637430383,-91094.6374303833
201000,160851.770935252,40148.2290647484
195000,152267.309934179,42732.6900658213
138000,159712.568780725,-21712.568780725
188000,144765.718821447,43234.281178553
165000,121726.674086981,43273.3259130187
164000,119329.564501904,44670.4354980958
85000,121281.082628407,-36281.0826284065
145000,150534.811224043,-5534.81122404322
170000,140654.129386971,29345.8706130289
140000,153517.534860472,-13517.534860472
160000,189147.789779831,-29147.789779831
150000,128982.67249052,21017.3275094802
160000,141154.713609893,18845.2863901065
115000,116261.113923828,-1261.11392382772
218000,155275.413004871,62724.586995129
150000,152376.012927466,-2376.01292746566
80000,155936.045233917,-75936.0452339169
180000,195509.290872692,-15509.2908726917
177000,129918.65166127,47081.34833873
133000,133989.343674378,-989.343674377509
130000,124205.575702422,5794.42429757828
148000,133430.060568494,14569.9394315065
242000,202676.059681783,39323.9403182174
66000,101781.949543888,-35781.9495438877
115000,108878.353619646,6121.64638035375
207000,123362.529871615,83637.4701283847
17000,73382.0994991716,-56382.0994991716
112000,144559.043298717,-32559.0432987171
170000,124253.604670731,45746.3953292693
130000,115946.848292491,14053.1517075086
233000,243857.222461923,-10857.2224619227
73000,103398.613921907,-30398.6139219074
133000,131988.603604793,1011.39639520747
45000,158811.895242974,-113811.895242974
176000,204125.93722655,-28125.9372265498
235000,150394.078266085,84605.9217339147
2e+05,149898.102402396,50101.8975976042
125000,126904.319010436,-1904.31901043648
130000,134282.696598358,-4282.69659835775
2e+05,149218.093510812,50781.9064891876
140000,120850.612472345,19149.387527655
117000,135386.192165764,-18386.1921657636
228000,149029.755917725,78970.2440822751
180000,157518.768894584,22481.2311054163
96000,114669.755886081,-18669.7558860812
116000,116990.932964704,-990.932964703985
72000,106427.296337782,-34427.2963377822
110000,110272.572328344,-272.572328344133
174000,137229.270845728,36770.7291542723
97000,130083.23983302,-33083.2398330202
140000,128766.307872701,11233.6921272991
70000,112906.005466058,-42906.0054660581
44000,97797.5541721246,-53797.5541721246
120000,144453.153594468,-24453.1535944679
177000,120528.536757008,56471.4632429924
95000,124587.993181221,-29587.9931812209
175000,148607.394428599,26392.605571401
14000,73021.3065724261,-59021.3065724261
43000,109555.71467113,-66555.7146711298
141000,131713.292787406,9286.70721259393
82000,166688.724716791,-84688.7247167908
125000,121241.192830189,3758.80716981062
39000,132904.043883537,-93904.0438835373
60000,119127.399873127,-59127.3998731272
104000,117705.827155711,-13705.8271557108
170000,182665.789540851,-12665.7895408512
130000,142717.090055896,-12717.0900558961
57000,168002.16332054,-111002.16332054
90000,105104.997307657,-15104.9973076571
85000,136746.670812145,-51746.6708121449
115000,98227.4505509625,16772.5494490375
51000,115844.838106404,-64844.8381064038
120000,123632.983801293,-3632.98380129281
125000,111173.340000367,13826.6599996329
128000,126496.148520884,1503.85147911601
2e+05,132367.963173913,67632.0368260872
56000,132884.509629279,-76884.5096292791
184000,113367.745338763,70632.2546612367
135000,190518.21111672,-55518.2111167204
125000,148422.404171677,-23422.4041716769
125000,122572.104300323,2427.89569967655
160000,163719.753037683,-3719.75303768297
180000,151866.336354101,28133.6636458989
36000,143722.651506812,-107722.651506812
160000,164344.74787325,-4344.74787325016
110000,166677.389386322,-56677.3893863219
61000,99789.3135240153,-38789.3135240153
165000,143448.666913106,21551.3330868938
101000,119762.427321897,-18762.4273218969
89000,114744.017609023,-25744.0176090225
130000,107832.620524733,22167.3794752674
45000,126863.194804225,-81863.1948042245
2e+05,170861.288818263,29138.7111817366
105000,105666.959694758,-666.959694758101
85000,135007.571760758,-50007.5717607575
78000,131161.127354875,-53161.1273548749
180000,194973.732714164,-14973.7327141641
169000,147665.915520274,21334.0844797262
101000,122641.49560608,-21641.4956060797
58000,120848.328492085,-62848.3284920852
152000,133259.163788279,18740.8362117211
241000,129019.835458565,111980.164541435
135000,181991.244731546,-46991.2447315459
16000,129724.19246749,-113724.19246749
142000,120126.45192363,21873.5480763697
155000,147347.791581112,7652.20841888821
69000,130201.563944747,-61201.5639447468
89000,133601.471154755,-44601.4711547549
56000,148706.019173254,-92706.0191732535
150000,150557.722386853,-557.722386852605
168000,128657.983295314,39342.0167046862
150000,126364.855263121,23635.1447368788
165000,167497.111581752,-2497.11158175213
150000,156371.586353637,-6371.58635363719
95000,130059.008817979,-35059.0088179792
158000,176842.005792889,-18842.0057928893
120000,137434.141467588,-17434.1414675881
2e+05,150408.373094397,49591.626905603
134000,122725.066802836,11274.9331971638
120000,132916.093851026,-12916.0938510262
192000,168267.965415198,23732.034584802
170000,198937.061921179,-28937.0619211793
43000,133851.724705271,-90851.7247052713
43000,138865.962224096,-95865.962224096
134000,125528.617155224,8471.38284477584
120000,103217.753170974,16782.246829026
110000,124599.152353366,-14599.1523533664
156000,135051.063450135,20948.9365498652
111000,105879.978092272,5120.02190772819
145000,118263.653884128,26736.3461158725
160000,158971.176186346,1028.82381365381
195000,164884.562081434,30115.4379185658
174000,139675.410631171,34324.5893688285
75000,100604.643591483,-25604.6435914825
230000,154174.137903987,75825.8620960128
52000,122328.133865025,-70328.1338650252
120000,133829.222130332,-13829.2221303317
63000,103996.145768418,-40996.1457684176
130000,159120.915896003,-29120.9158960033
110000,104834.70513853,5165.29486146965
120000,104834.70513853,15165.2948614697
40000,112356.47547128,-72356.4754712797
116000,112144.62528834,3855.37471165996
75000,103696.967558334,-28696.9675583338
140000,120402.53176777,19597.4682322297
79000,77823.7402091019,1176.25979089814
215000,165505.175375302,49494.8246246983
150000,206079.245994375,-56079.2459943748
171000,147790.430011385,23209.5699886147
112000,128717.50333439,-16717.5033343902
91000,130483.246719982,-39483.2467199818
40000,139948.037471146,-99948.0374711462
29000,92728.2372323767,-63728.2372323767
197000,191805.687994673,5194.31200532685
155000,164058.011100344,-9058.01110034416
185000,148050.2438562,36949.7561438003
52000,114364.430704602,-62364.4307046018
95000,107617.489251142,-12617.489251142
54000,97465.6485018616,-43465.6485018616
103000,145215.259929142,-42215.259929142
121000,154307.703530588,-33307.7035305883
176000,122735.436222105,53264.5637778948
97000,128550.26001579,-31550.2600157896
183000,177213.326013866,5786.6739861338
185000,113706.023931779,71293.9760682211
212000,179573.610204153,32426.3897958465
137000,135174.558771104,1825.44122889571
170000,128952.845271562,41047.1547284378
90000,137900.334193503,-47900.3341935028
185000,195300.250109543,-10300.2501095435
23000,105783.402947463,-82783.4029474635
123000,132602.794720716,-9602.79472071613
158000,156863.774845768,1136.22515423218
238000,173858.402740444,64141.5972595563
76000,139761.407403909,-63761.4074039095
95000,110901.735094025,-15901.7350940245
360000,204982.280715459,155017.719284541
106000,125480.373482882,-19480.3734828816
160000,130012.046781051,29987.9532189493
140000,135654.220219493,4345.77978050703
165000,172018.943709396,-7018.94370939551
137000,131845.863177661,5154.13682233854
95000,121515.626303685,-26515.6263036854
111000,116523.2487785,-5523.24877849979
112000,109295.398388031,2704.60161196861
72000,165656.966539078,-93656.9665390781
67000,117125.861258308,-50125.8612583084
185000,154009.414310104,30990.585689896
160000,154134.042533654,5865.95746634563
130000,120936.599703449,9063.40029655099
95000,164279.260186512,-69279.2601865117
135000,116499.388336326,18500.6116636738
14000,147069.774279295,-133069.774279295
240000,197156.045419698,42843.9545803021
132000,116326.00957444,15673.9904255597
124000,171056.990808956,-47056.9908089559
120000,116436.851654106,3563.1483458936
109000,107919.155849017,1080.8441509829
92000,102007.724615099,-10007.7246150987
151000,114124.063395188,36875.936604812
161000,114298.192587099,46701.8074129005
125000,148719.621655217,-23719.6216552174
150000,162960.66202523,-12960.6620252299
125000,135812.235296609,-10812.2352966095
104000,140647.228634658,-36647.2286346582
94000,134974.607126933,-40974.6071269325
1e+05,167199.277472195,-67199.277472195
120000,149154.577080368,-29154.5770803679
159000,123020.454230641,35979.5457693588
70000,114477.646219288,-44477.6462192882
165000,136626.688139968,28373.3118600324
155000,172444.614525827,-17444.6145258274
85000,155473.151056159,-70473.1510561591
170000,146274.45152423,23725.5484757699
145000,146540.008727922,-1540.00872792181
80000,104436.17711397,-24436.1771139699
165000,150150.427686623,14849.5723133765
120000,119387.247675265,612.752324735455
88000,106419.862581792,-18419.8625817921
22000,98518.7958994124,-76518.7958994124
1e+05,86085.2895104167,13914.7104895833
190000,186735.663619017,3264.33638098309
186000,123399.359438733,62600.6405612667
121000,179023.088658688,-58023.088658688
72000,102226.906143454,-30226.9061434538
135000,113006.318335834,21993.6816641662
2e+05,132608.273683409,67391.7263165906
26000,116449.973122798,-90449.9731227984
38000,149255.553693835,-111255.553693835
130000,146200.850200374,-16200.8502003736
180000,151251.326710322,28748.6732896779
105000,152490.678406126,-47490.6784061257
240000,154266.231650761,85733.7683492391
160000,140345.928474547,19654.0715254528
140000,160766.530786838,-20766.5307868384
185000,168528.359115575,16471.6408844254
52000,101024.299125762,-49024.2991257615
170000,129692.2470115,40307.7529885
34000,96450.9731368568,-62450.9731368568
43000,112485.302321232,-69485.3023212316
110000,120521.225926442,-10521.2259264415
138000,163200.451740151,-25200.4517401506
160000,136464.38771711,23535.6122828902
102000,123446.43116285,-21446.4311628504
2e+05,159171.633108835,40828.3668911648
150000,123144.150465206,26855.8495347935
160000,128175.949533037,31824.0504669625
145000,184517.494677616,-39517.494677616
85000,105314.537572167,-20314.5375721674
34000,117267.769988969,-83267.7699889693
140000,126245.561108948,13754.4388910515
166000,200304.77792497,-34304.7779249697
210000,140642.945679794,69357.0543202057
89000,107125.286960764,-18125.2869607636
180000,143255.314720576,36744.6852794242
75000,96893.6686023405,-21893.6686023405
110000,153204.003859476,-43204.0038594761
72000,130438.537006163,-58438.5370061627
15000,114178.298409322,-99178.2984093223
128000,150102.271753398,-22102.2717533979
175000,143511.666973436,31488.3330265637
73000,138935.869982763,-65935.8699827631
98000,127654.897121007,-29654.8971210066
130000,114294.793610929,15705.2063890711
1e+05,175925.813948623,-75925.813948623
33000,135295.114136091,-102295.114136091
203000,133361.46531529,69638.53468471
144000,123486.913064267,20513.0869357334
120000,133717.645888735,-13717.6458887353
78000,110582.487940912,-32582.4879409118
150000,134676.891394575,15323.1086054253
115000,114066.140849796,933.859150204429
27000,128734.634730384,-101734.634730384
126000,166897.845674733,-40897.845674733
76000,141262.679817268,-65262.6798172676
131000,128421.920251608,2578.0797483925
80000,119650.148277575,-39650.1482775754
125000,112579.757795188,12420.2422048118
122000,152230.17833182,-30230.1783318197
165000,153465.238316017,11534.7616839831
160000,156892.226869284,3107.77313071568
126000,139178.583654455,-13178.5836544545
150000,177774.196734471,-27774.1967344709
135000,139162.551067995,-4162.55106799488
54000,150260.202137265,-96260.2021372649
22000,108328.434113633,-86328.4341136328
1e+05,159642.533051517,-59642.5330515166
150000,114950.737251311,35049.2627486886
15000,97715.004248144,-82715.004248144
148000,163040.660504692,-15040.6605046922
118000,131210.614042626,-13210.6140426257
121000,132944.089974129,-11944.0899741289
160000,137990.867458126,22009.1325418744
22000,102984.086677151,-80984.086677151
150000,151983.316423992,-1983.31642399167
170000,143610.200185158,26389.7998148415
185000,144373.895714638,40626.1042853625
69000,115534.81211431,-46534.8121143102
154000,129686.120322527,24313.8796774725
210000,133205.315991399,76794.6840086007
90000,112958.829758113,-22958.8297581133
115000,100098.72519694,14901.2748030597
111000,108668.951172416,2331.04882758364
220000,171897.830758613,48102.1692413868
125000,114655.266826851,10344.7331731487
116000,102243.126402625,13756.8735973746
120000,154627.118777943,-34627.1187779434
170000,140421.523045724,29578.4769542756
140000,120529.703928114,19470.2960718857
145000,121345.413232875,23654.5867671247
240000,158869.283267748,81130.7167322517
98000,140322.264842041,-42322.2648420407
141000,118478.69898872,22521.30101128
160000,110124.510130806,49875.4898691944
155000,144901.037006497,10098.9629935033
128000,153894.03673918,-25894.0367391796
112000,104687.728873965,7312.27112603541
104000,146425.082272609,-42425.0822726093
217000,195515.35382299,21484.64617701
132000,133781.645935897,-1781.64593589702
129000,152718.503687006,-23718.5036870064
127000,128430.306001656,-1430.30600165596
176000,126483.72780473,49516.2721952697
28000,123207.692868704,-95207.6928687039
210000,170812.929520573,39187.0704794269
140000,108366.95906582,31633.0409341796
145000,122431.481664521,22568.5183354791
82000,155972.785029964,-73972.7850299643
36000,111615.947113736,-75615.9471137361
95000,193573.588068856,-98573.588068856
212000,190121.221357979,21878.7786420209
85000,99764.3369542117,-14764.3369542117
165000,137813.858650996,27186.141349004
128000,124869.538670523,3130.46132947723
77000,139934.310502459,-62934.3105024586
120000,115130.024673401,4869.97532659942
152000,131298.075842791,20701.9241572089
110000,138595.965608634,-28595.9656086341
1e+05,121007.154191298,-21007.1541912979
48000,150830.195325187,-102830.195325187
178000,127103.377916559,50896.6220834408
185000,182369.590990926,2630.40900907366
115000,131083.280204689,-16083.2802046892
123000,111743.605297076,11256.3947029241
57000,125130.563337155,-68130.563337155
30000,111048.439820014,-81048.4398200136
144000,135277.983695188,8722.01630481193
130000,126141.476151941,3858.52384805935
151000,116669.522205181,34330.477794819
162000,137559.05133788,24440.9486621201
181000,184324.543352743,-3324.54335274294
59000,109237.803811714,-50237.8038117135
188000,153219.189777129,34780.8102228709
130000,126346.801362377,3653.19863762303
128000,155183.826799757,-27183.8267997575
145000,123449.972845651,21550.0271543491
150000,121940.749567375,28059.2504326255
154000,119684.023478374,34315.9765216261
41000,106528.750399764,-65528.7503997639
140000,124330.87883634,15669.1211636601
160000,133102.354241386,26897.6457586141
152000,130699.781313238,21300.2186867623
140000,176519.402804764,-36519.4028047644
129000,140151.868539111,-11151.8685391113
143000,136564.175685722,6435.82431427762
130000,151971.533945559,-21971.5339455593
120000,137544.113935905,-17544.1139359049
180000,138697.43371103,41302.5662889699
25000,69572.5995037993,-44572.5995037993
118000,157295.469220086,-39295.4692200862
17000,66852.3730129368,-49852.3730129368
156000,127444.45607527,28555.5439247303
139000,130131.735476437,8868.26452356311
180000,145140.255566452,34859.7444335479
223000,195269.764596214,27730.2354037857
150000,132879.842439726,17120.1575602736
153000,142474.152428342,10525.847571658
215000,177717.637532314,37282.3624676859
165000,141246.165499955,23753.8345000447
125000,125505.630155138,-505.630155137856
141000,118529.218171608,22470.7818283916
160000,199679.641082649,-39679.6410826489
132000,130048.822500426,1951.17749957442
228000,160302.538929941,67697.4610700593
188000,173272.770085005,14727.2299149945
175000,132866.090135048,42133.9098649519
77000,130902.69853476,-53902.69853476
172000,181441.187878481,-9441.18787848114
113000,141276.882986535,-28276.8829865351
148000,126561.539979944,21438.460020056
135000,132125.829398515,2874.17060148501
202000,145094.495200142,56905.5047998585
118000,169538.656832814,-51538.6568328142
158000,107317.940676955,50682.0593230447
24000,81707.3058413439,-57707.3058413439
125000,117081.249989669,7918.75001033131
32000,85484.0176437144,-53484.0176437144
175000,141388.993199042,33611.0068009575
90000,142122.781108715,-52122.7811087152
140000,130131.714739204,9868.28526079556
190000,154265.259664997,35734.7403350028
130000,130915.229540353,-915.229540353204
120000,152733.253887574,-32733.2538875742
46000,82840.8448481101,-36840.8448481101
151000,129729.884312945,21270.1156870548
118000,143958.205858472,-25958.2058584723
27000,111017.946120223,-84017.9461202226
150000,127937.041689349,22062.958310651
102000,149537.635363305,-47537.6353633049
98000,138870.681318855,-40870.6813188546
170000,127683.944117256,42316.0558827442
216000,132817.884387373,83182.1156126266
1e+05,154729.304698428,-54729.3046984283
121000,124544.491306594,-3544.49130659443
135000,142990.868277443,-7990.86827744264
218000,154586.170652731,63413.8293472685
165000,167808.86538713,-2808.86538713047
73000,105967.559646187,-32967.5596461871
175000,145849.802879418,29150.1971205819
163000,148332.185673023,14667.8143269772
27000,112974.359431555,-85974.3594315546
166000,114766.755236127,51233.2447638728
94000,112912.167499199,-18912.1674991988
158000,218050.952278973,-60050.9522789726
145000,127736.388172666,17263.6118273339
120000,134009.310272713,-14009.3102727133
150000,136691.710817312,13308.2891826879
170000,161777.692918791,8222.30708120865
103000,116487.74057982,-13487.7405798203
164000,144144.777995931,19855.2220040693
65000,113346.613569252,-48346.6135692523
9000,126024.400912541,-117024.400912541
143000,122188.266280539,20811.7337194614
140000,117070.829220312,22929.170779688
118000,110988.050518955,7011.94948104545
180000,132704.283076193,47295.7169238067
110000,112060.446167455,-2060.44616745533
130000,137915.511139709,-7915.51113970924
45000,111506.940676064,-66506.9406760638
103000,124511.005772605,-21511.0057726053
86000,142314.765142323,-56314.7651423228
155000,150345.311883127,4654.68811687318
155000,117640.281814162,37359.7181858379
125000,130477.362567382,-5477.36256738185
155000,192654.271243089,-37654.2712430888
90000,142078.564747747,-52078.5647477468
150000,105096.935936967,44903.0640630334
144000,109572.168561807,34427.8314381926
93000,115947.797855995,-22947.7978559948
8000,72537.4658647894,-64537.4658647894
70000,115120.238696831,-45120.2386968307
165000,134226.458431735,30773.5415682647
133000,154060.889814158,-21060.8898141577
185000,158457.298262215,26542.7017377853
110000,136016.069745909,-26016.0697459092
118000,119949.553097509,-1949.55309750939
235000,207508.096003229,27491.903996771
140000,140489.769288529,-489.769288528594
145000,165067.21615761,-20067.2161576098
183000,142453.004039806,40546.9959601936
150000,160566.570673144,-10566.5706731436
120000,125916.492410039,-5916.49241003917
134000,116031.632511295,17968.3674887054
175000,135447.141701696,39552.8582983037
160000,182741.536899322,-22741.536899322
105000,104467.057154446,532.942845554106
96000,148267.430030654,-52267.4300306542
135000,144208.608476479,-9208.60847647904
109000,120053.617553112,-11053.6175531115
30000,119293.796947556,-89293.7969475558
140000,149419.226355622,-9419.22635562212
95000,103656.801674692,-8656.80167469161
150000,152312.482047301,-2312.48204730148
165000,150140.61238357,14859.3876164298
175000,110593.205013798,64406.7949862016
230000,138556.785533601,91443.2144663988
125000,158130.843412157,-33130.8434121572
135000,114413.301610127,20586.6983898732
155000,153144.909668478,1855.09033152234
160000,121335.275236548,38664.7247634519
128000,120708.370993505,7291.62900649471
113000,116180.386986798,-3180.38698679768
239000,186810.752739322,52189.2472606783
160000,215692.875323268,-55692.8753232683
140000,129626.636365913,10373.3636340873
53000,127776.108594053,-74776.1085940527
79000,164173.959456533,-85173.959456533
205000,171811.158826588,33188.8411734119
160000,130275.528381312,29724.4716186882
118000,110417.129138016,7582.87086198427
175000,148574.656871361,26425.3431286385
146000,112261.129403935,33738.8705960654
2e+05,162521.820363932,37478.1796360682
115000,116849.580983366,-1849.58098336593
122000,142088.928816669,-20088.9288166687
60000,138809.619598215,-78809.619598215
140000,112121.746565835,27878.2534341646
155000,159420.691585389,-4420.69158538902
91000,114995.054137703,-23995.0541377032
61000,97765.4090745244,-36765.4090745244
88000,106484.815561453,-18484.8155614532
126000,122981.642828172,3018.35717182807
168000,135795.160476805,32204.8395231952
254000,195019.064139101,58980.9358608995
162000,131634.259902768,30365.7400972324
150000,140356.978668818,9643.02133118245
120000,165960.742997456,-45960.7429974558
45000,125873.09917319,-80873.0991731895
15000,88632.1005516588,-73632.1005516588
75000,131753.77295865,-56753.7729586501
76000,116214.916618974,-40214.9166189741
83000,138506.498375173,-55506.4983751735
145000,136168.127534954,8831.87246504569
154000,147819.691394108,6180.30860589244
120000,160117.955837056,-40117.9558370564
124000,117084.508471653,6915.49152834661
155000,155819.354309521,-819.354309520801
120000,122648.482656997,-2648.48265699725
139000,112784.785927785,26215.2140722146
291000,195715.692786997,95284.3072130034
150000,136350.470030214,13649.5299697865
175000,151836.526832607,23163.4731673933
139000,193961.503546554,-54961.5035465539
82000,156999.685325198,-74999.6853251979
70000,153353.620556665,-83353.6205566651
119000,142535.177577111,-23535.1775771112
90000,150917.350313723,-60917.3503137232
78000,160576.589146548,-82576.5891465484
130000,143818.635702713,-13818.6357027132
42000,120803.0936367,-78803.0936366996
160000,139879.338946615,20120.6610533845
196000,150588.053258141,45411.9467418586
56000,110435.560318897,-54435.5603188974
65000,130323.061825233,-65323.0618252335
155000,149636.283740925,5363.71625907539
153000,133511.698597611,19488.3014023886
160000,162433.199171469,-2433.19917146885
78000,82428.2318378933,-4428.23183789327
30000,107308.364912623,-77308.3649126234
41000,131605.6865777,-90605.6865776998
61000,118585.635709374,-57585.6357093738
180000,202250.304864604,-22250.3048646037
84000,109154.764904666,-25154.7649046664
60000,135512.371551318,-75512.3715513182
84000,161748.693396714,-77748.6933967143
175000,146400.185223342,28599.8147766578
170000,146270.809842976,23729.1901570243
59000,133640.582527533,-74640.582527533
77000,133342.383454971,-56342.3834549707
80000,102260.61898044,-22260.61898044
1e+05,111931.26934187,-11931.2693418699
92000,146816.742172026,-54816.7421720258
120000,159451.321317303,-39451.3213173029
210000,140665.198529974,69334.8014700255
132000,136804.340387613,-4804.34038761334
97000,135169.984409007,-38169.9844090066
42000,128218.569575737,-86218.5695757374
150000,154573.826228829,-4573.82622882913
120000,105613.827445421,14386.1725545788
216000,177309.326133922,38690.6738660776
120000,117806.544325849,2193.45567415055
125000,142325.033720336,-17325.0337203357
50000,158273.421644592,-108273.421644592
47000,110224.557539899,-63224.5575398985
168000,113141.939351623,54858.0606483771
116000,183154.733290053,-67154.733290053
110000,106433.693607534,3566.30639246569
159000,144802.083309938,14197.9166900617
108000,119480.257904573,-11480.2579045733
141000,105518.524702819,35481.4752971813
244000,246668.745668227,-2668.74566822729
54000,130006.548340621,-76006.5483406206
48000,105818.777788456,-57818.7777884558
113000,127757.131708999,-14757.1317089993
110000,154151.001859098,-44151.0018590975
66000,109468.065817799,-43468.0658177992
82000,150849.530174229,-68849.5301742293
207000,202950.844930315,4049.15506968484
250000,164645.799801185,85354.2001988153
152000,163376.805070652,-11376.8050706518
89000,145644.111622479,-56644.1116224788
2e+05,169525.502929301,30474.4970706992
106000,154956.693004662,-48956.6930046615
135000,131052.12853688,3947.87146311997
175000,135430.917335185,39569.0826648154
98000,167106.315304724,-69106.3153047239
68000,109625.771276201,-41625.7712762006
195000,139429.478838031,55570.5211619694
88000,114141.604173136,-26141.6041731359
125000,115101.298954662,9898.70104533792
90000,158489.266022823,-68489.2660228234
2e+05,118502.228574484,81497.7714255156
38000,109294.344005478,-71294.3440054783
167000,144179.444848473,22820.5551515268
61000,117683.520993722,-56683.5209937223
130000,130412.348273551,-412.348273550786
143000,141135.603902669,1864.39609733093
150000,252627.105063321,-102627.105063321
126000,102888.441087051,23111.5589129492
175000,116251.687037608,58748.3129623923
125000,103199.083032182,21800.9169678176
102000,110102.311466148,-8102.31146614824
135000,146070.821406427,-11070.8214064273
1e+05,118707.165408304,-18707.1654083038
44000,97201.0436256978,-53201.0436256978
52000,99522.4139743023,-47522.4139743023
160000,144349.551611406,15650.4483885943
71000,149139.223965742,-78139.2239657417
20000,109766.540242978,-89766.5402429782
37000,111594.130874864,-74594.1308748635
47000,107001.626705167,-60001.6267051674
120000,98302.4189188368,21697.5810811632
111000,125026.962843338,-14026.9628433384
150000,124738.066046808,25261.9339531919
32000,116451.005879438,-84451.0058794375
49000,132257.748505998,-83257.7485059983
15000,122704.100818564,-107704.100818564
130000,171243.29444718,-41243.2944471803
18000,126268.780944267,-108268.780944267
170000,137651.814402801,32348.1855971993
160000,119352.801775038,40647.1982249622
2e+05,137852.599101444,62147.4008985564
88000,139517.808868633,-51517.8088686329
133000,125921.706927766,7078.29307223443
110000,124127.530257762,-14127.5302577618
191000,144227.377575073,46772.6224249266
142000,135762.535262176,6237.46473782411
187000,162909.116874961,24090.8831250391
114000,138454.357590525,-24454.3575905253
